166 227 90 236 78 19 107 128 120 79 138 177 154 84 213 238
7 196 134 239 206 31 119 210 165 242 57 142 143 54 240 215
34 92 146 188 221 69 63 94 182 171 96 52 12 192 36 130
198 252 55 179 30 18 253 87 244 20 184 254 80 235 116 14
145 144 85 129 152 219 73 110 137 214 175 111 174 112 22 151
60 247 204 194 1 209 132 106 230 126 46 185 49 176 218 163
251 65 191 48 102 75 246 208 156 224 40 61 136 47 70 11
26 117 189 95 226 125 45 220 121 155 72 150 149 249 51 81
5 202 207 21 105 28 167 217 147 53 39 201 59 161 139 29
68 104 35 101 6 237 113 232 99 168 222 13 153 23 118 38
17 25 228 199 190 159 203 148 123 233 98 93 89 229 127 71
9 140 32 64 10 141 108 124 77 216 183 100 74 43 86 170
50 162 200 243 164 225 4 178 180 2 0 24 234 66 133 158
135 109 157 241 211 27 131 62 187 91 8 41 103 181 195 82
58 3 33 245 15 56 76 193 212 16 97 250 42 205 114 172
169 88 231 173 255 248 122 115 197 186 223 44 67 83 160 37